expected benford values for 2 number of digits
0.04139268515822508
0.037788560889399754
0.03476210625921191
0.032184683371401235
0.029963223377443202
0.028028723600243534
0.02632893872234915
0.024823583725032145
0.0234810958495229
0.022276394711152208
0.021189299069938092
0.02020338608828699
0.019305155195386624
0.018483405694013133
0.017728766960431616
0.01703333929878037
0.016390416188169384
0.015794267183231885
0.015239966556736905
0.014723256820706378
0.014240439114610285
0.013788284485633285
0.013363961557981502
0.012964977164367635
0.012589127308020467
0.012234456417011586
0.01189922329970769
0.011581872549815138
0.011281010409689084
0.010995384301463145
0.010723865391773066
0.010465433678164979
0.010219165181686028
0.009984220906600923
0.00975983728915624
0.009545317906230361
0.009340026254143432
0.009143379439869719
0.008954842652926412
0.008773924307505152
0.00860017176191757
0.008433167536862764
0.008272525965989857
0.00811789022217946
0.007968929671275373
0.007825337511956526
0.007686828666290955
0.007553137890445907
0.007424018079206875
0.007299238741499423
0.007178584627123376
0.007061854487486849
0.006948859955327825
0.006839424530305442
0.006733382658968403
0.006630578899013076
0.006530867158957755
0.006434110005409903
0.006340178031018975
0.006248949277001542
0.006160308704818433
0.006074147712193166
0.00599036368918742
0.005908859610520315
0.005829543660723891
0.005752328889091342
0.005677132891690489
0.0056038775179984845
0.0055324885999610066
0.005462895701502187
0.005395031886706144
0.005328833505066964
0.0052642399923572185
0.005201193685807724
0.005139639652411057
0.00507952552927497
0.005020801375050812
0.0049634195315501435
0.0049073344947442015
0.004852502794412102
0.004798882881768708
0.0047464350244616526
0.004695121208379868
0.004644905045763538
0.004595751689149137
0.004547627750720661
0.00450050122667647
0.004454341426249989
0.004409118905055016
0.0043648054024501125
