Expected benford output for basic data for 2 number of digits
0.04872
0.03408
0.03482
0.02868
0.02656
0.03164
0.02386
0.02262
0.02314
0.02162
0.02694
0.01838
0.02016
0.01792
0.01984
0.0209
0.0142
0.01362
0.01396
0.01366
0.01828
0.01304
0.01268
0.01154
0.01248
0.01384
0.01232
0.01204
0.0101
0.01052
0.01302
0.00972
0.00924
0.0087
0.00826
0.00922
0.00872
0.00802
0.00896
0.00888
0.01912
0.00788
0.00774
0.00668
0.00794
0.00714
0.00628
0.00728
0.00704
0.00752
0.0103
0.0067
0.00612
0.00606
0.00578
0.00756
0.00506
0.00652
0.0053
0.00688
0.00734
0.0053
0.00496
0.0053
0.0059
0.01412
0.00506
0.00498
0.00494
0.00482
0.0066
0.00494
0.00502
0.00506
0.00442
0.00564
0.00438
0.004
0.00414
0.0041
0.00588
0.00348
0.00372
0.0038
0.0036
0.0042
0.00432
0.0045
0.00424
0.00544
